16 10 56
49 61 138
163 278 296
5 3 127
53 8 125
172 106 80
90 42 116
173 80 106
17 25 159
122 55 43
199 230 310
57 34 74
65 28 121
167 22 23
109 84 153
13 124 145
51 237 338
94 46 113
279 280 328
50 62 141
103 86 147
54 32 75
302 215 319
237 99 261
25 17 131
28 72 121
210 200 242
123 43 91
213 233 310
50 141 190
167 23 272
11 16 183
28 126 144
79 121 170
145 100 169
11 6 52
193 68 33
68 99 182
253 217 275
94 113 132
210 242 252
59 0 122
213 290 299
90 21 162
54 75 181
112 131 149
242 202 252
148 80 173
46 94 102
95 35 190
144 108 78
246 216 270
0 19 122
233 199 310
135 116 292
99 51 182
20 27 161
218 243 311
3 15 127
168 34 57
221 198 254
256 201 257
171 70 35
1 4 55
22 160 164
48 96 250
101 45 167
3 5 58
263 235 316
287 265 288
190 35 70
142 78 195
118 2 166
22 26 160
137 85 150
193 33 154
71 34 168
154 82 193
69 32 163
50 98 215
138 41 184
110 117 128
77 308 321
23 22 157
190 47 95
64 29 119
4 1 189
7 9 185
26 133 220
213 251 288
243 221 254
145 107 79
109 153 176
202 207 252
131 17 149
231 267 291
63 6 183
240 264 317
87 161 309
191 81 137
167 45 93
151 81 191
163 32 54
16 11 52
187 30 67
12 8 53
56 44 140
199 236 246
41 53 289
19 1 55
64 119 176
8 12 125
155 20 192
237 235 260
31 66 89
15 3 58
54 104 163
19 0 59
207 205 252
173 67 30
35 95 328
13 158 175
232 212 241
203 244 247
36 153 312
7 61 195
197 219 230
158 24 232
9 7 120
95 298 328
88 40 111
114 179 204
92 33 182
84 158 211
110 60 127
140 44 182
176 77 109
226 228 269
191 31 151
141 47 190
111 40 129
105 43 123
89 41 289
67 173 324
143 77 321
80 112 149
117 29 128
168 45 101
15 2 118
286 231 300
60 48 250
109 77 143
182 44 92
91 43 115
6 63 129
222 242 266
88 30 187
143 14 175
121 79 174
12 9 120
21 20 155
107 233 299
206 229 307
254 223 311
51 63 140
180 62 215
242 200 266
13 24 158
115 180 215
18 17 152
110 76 117
89 66 184
208 214 228
161 293 309
164 83 157
6 11 183
189 59 47
139 146 193
96 48 128
91 69 123
20 21 90
174 79 107
32 69 91
62 4 189
204 210 220
165 71 277
93 22 167
94 34 165
93 45 114
136 40 187
12 120 125
22 93 133
64 36 96
159 85 186
66 37 97
192 82 155
70 38 98
245 226 269
68 39 99
139 87 146
313 106 322
202 242 304
171 35 156
146 87 309
168 57 45
256 257 281
166 58 46
126 65 290
104 42 162
54 42 104
157 22 164
78 142 144
79 100 145
13 14 124
83 156 280
265 126 290
126 108 144
28 65 126
211 241 266
64 96 128
48 60 110
128 29 64
88 111 130
199 233 236
30 73 148
93 114 133
91 115 134
205 210 252
4 62 180
158 84 175
160 26 225
82 154 224
98 38 215
90 116 135
182 33 68
162 42 90
118 76 127
148 73 177
119 77 176
120 78 125
60 5 127
175 14 13
171 83 103
109 143 175
122 43 105
19 55 122
197 221 243
124 107 145
38 207 215
71 168 255
156 83 171
125 78 108
74 132 273
38 147 207
127 76 110
15 118 127
48 110 128
52 6 129
40 52 129
81 151 317
30 88 130
73 30 130
133 114 220
228 226 249
34 94 132
74 34 132
26 22 133
206 240 251
32 91 134
75 32 134
20 90 135
27 20 135
56 10 188
313 218 315
188 52 40
98 50 190
186 81 152
17 159 186
152 17 186
53 41 138
187 40 88
49 138 184
138 61 185
9 12 185
97 49 184
184 41 89
137 150 191
39 146 261
160 86 164
38 70 171
121 72 170
144 142 194
197 209 221
172 17 18
65 121 174
57 74 179
5 60 178
173 30 148
149 17 172
20 161 192
191 66 31
18 152 264
186 137 81
33 92 315
243 218 307
113 46 178
115 43 180
259 284 301
210 205 220
192 139 82
193 82 139
172 80 149
164 103 83
165 34 71
150 85 291
86 160 225
1 19 189
10 16 188
102 94 165
2 15 166
72 28 194
103 147 171
209 198 221
107 124 233
261 234 316
142 195 284
206 219 229
86 103 164
211 244 312
166 102 276
15 58 166
166 46 102
220 205 225
96 203 250
203 36 312
47 59 298
13 145 169
24 13 169
100 79 170
119 217 308
119 29 217
147 38 171
254 198 297
219 206 251
228 214 271
226 245 270
209 197 245
223 82 224
219 197 229
84 109 175
36 64 176
153 36 176
80 148 177
112 80 177
58 5 178
46 58 178
114 45 179
45 57 179
26 220 225
55 4 180
43 55 180
116 42 181
42 54 181
51 140 182
140 63 183
56 140 183
16 56 183
66 97 184
61 7 185
12 53 185
53 138 185
85 137 186
223 224 311
53 125 289
188 40 136
16 52 188
141 62 189
19 59 189
189 47 141
70 98 190
37 66 191
150 37 191
161 87 192
87 139 192
39 68 193
146 39 193
28 144 194
152 81 317
73 130 260
120 7 195
78 120 195
240 206 264
285 231 286
196 238 262
51 99 237
96 36 203
274 196 294
169 100 239
232 169 239
241 222 266
114 204 220
288 265 290
29 117 275
209 245 269
211 158 232
154 33 224
229 197 243
132 113 250
134 115 215
100 170 283
227 256 281
307 218 313
197 230 245
99 39 261
200 210 247
209 256 258
49 97 284
123 69 305
217 208 249
257 248 281
179 74 273
313 315 324
167 272 327
251 240 288
267 259 301
172 18 322
254 297 318
235 263 285
24 169 232
211 232 241
62 50 215
135 292 303
242 222 295
298 279 328
212 239 282
235 237 316
308 216 321
217 216 308
213 288 290
205 207 225
237 261 316
224 218 311
162 21 297
231 238 267
196 274 306
122 105 298
92 314 315
224 33 315
147 86 225
207 147 225
234 293 294
244 200 247
31 89 287
208 228 249
216 217 249
248 157 280
238 212 282
63 51 338
151 31 287
174 107 299
315 314 324
112 177 260
259 194 284
274 268 295
212 232 239
177 73 260
196 262 263
131 286 300
235 285 286
124 14 236
233 124 236
256 209 269
228 201 269
322 264 323
238 231 262
155 82 318
130 237 260
244 211 266
242 295 304
200 244 266
208 217 253
201 256 269
199 246 270
214 208 255
257 201 271
230 199 270
245 230 270
293 234 309
248 257 271
201 228 271
210 204 247
157 248 272
256 227 258
111 129 338
132 250 273
204 179 273
113 178 250
178 60 250
298 105 305
278 227 296
222 274 295
253 276 277
258 227 278
118 166 276
255 253 277
71 255 277
208 253 255
258 278 297
163 104 278
280 279 281
157 83 280
198 209 258
129 63 338
259 267 282
217 29 275
263 262 285
170 72 283
239 100 283
194 142 284
195 61 284
262 231 285
112 260 286
131 112 286
223 254 318
82 223 318
234 263 316
77 119 308
18 264 322
108 126 265
85 159 291
134 215 302
268 274 294
230 219 310
292 202 304
161 27 293
293 268 294
196 263 294
216 249 270
249 226 270
23 157 272
271 214 272
248 271 272
250 203 273
203 247 273
247 204 273
117 76 275
76 253 275
104 162 278
253 76 276
76 118 276
276 102 277
102 165 277
278 162 297
59 122 298
95 47 298
290 65 299
233 213 299
65 174 299
198 258 297
248 280 281
267 238 282
259 282 283
282 239 283
194 259 283
72 194 283
61 49 284
75 134 302
274 222 306
181 75 302
260 235 286
116 181 292
268 293 303
240 287 288
125 108 289
108 265 289
287 89 289
265 287 289
231 291 300
25 131 300
97 37 301
291 267 301
292 181 302
202 292 302
293 135 303
27 135 293
263 234 294
69 296 305
105 123 305
69 163 296
212 238 306
227 281 296
202 302 319
215 207 319
207 202 319
238 196 306
222 241 306
291 159 300
159 25 300
284 97 301
150 291 301
37 150 301
188 136 320
56 188 320
295 268 304
268 303 304
303 292 304
279 298 305
281 279 305
296 281 305
241 212 306
229 243 307
216 246 321
246 236 321
106 172 322
234 261 309
261 146 309
251 213 310
219 251 310
243 254 311
244 203 312
153 84 312
84 211 312
264 206 323
313 322 323
255 168 327
214 255 327
218 224 315
168 101 327
272 214 327
264 152 317
287 240 317
151 287 317
21 155 318
297 21 318
44 56 320
136 187 320
101 167 327
314 92 320
92 44 320
236 14 321
14 143 321
307 313 323
206 307 323
187 67 324
173 106 324
106 313 324
320 187 324
314 320 324
280 156 328
156 35 328
130 111 338
237 130 338
